0.62
0.6
0.5
0.56
0.3
0.46
0.93
0.49
0.47
0.24
0.94
0.5
0.6
0.23
0.38
0.78
0.3
0.47
0.47
0.29
0.32
0.26
0.4
0.89
0.83
0.35
0.29
0.41
0.65
0.94
0.4
0.48
0.48
0.43
0.56
0.36
0.62
0.94
0.35
0.4
0.2
0.44
0.58
0.22
0.86
0.29
0.44
0.66
0.36
0.45
0.53
0.91
0.41
0.19
0.55
0.8
0.67
0.47
0.37
0.29
0.36
0.44
0.22
0.48
0.69
0.5
0.72
0.73
0.14
0.43
0.22
0.33
0.89
0.91
0.21
0.38
0.37
0.47
0.37
0.31
0.4
0.32
0.4
0.53
0.37
0.12
0.48
0.35
0.48
0.74
0.3
0.2
0.38
0.31
0.45
0.49
0.31
0.38
0.6
0.51
1.0
1.0
0.36
0.4
0.55
0.5
0.55
0.36
0.7
0.44
0.48
0.33
0.53
0.89
1.0
0.67
0.55
0.67
0.26
0.38
0.4
0.53
0.28
0.48
0.36
0.69
0.53
0.31
0.15
0.84
0.42
0.46
0.15
0.1
0.18
0.33
0.13
0.53
0.23
0.25
0.36
0.55
0.13
0.3
0.19
0.27
0.35
0.23
0.15
0.47
0.43
0.34
0.58
0.32
0.37
0.27
0.27
0.33
0.21
0.39
0.43
0.3
0.44
0.3
0.23
0.39
0.53
0.09
0.52
0.27
0.2
0.22
0.55
0.47
0.46
0.18
0.62
0.33
0.35
0.13
0.62
0.4
0.62
0.18
0.16
0.26
0.47
0.33
0.24
0.46
0.31
0.54
0.52
0.48
0.4
0.22
0.35
0.8
0.45
0.5
0.39
0.27
0.48
0.25
0.47
0.33
0.44
0.55
0.47
0.54
0.42
0.38
0.4
0.44
0.76
0.23
0.88
0.69
0.15
0.46
0.69
0.42
0.71
0.4
0.29
0.69
0.45
0.69
0.47
0.69
0.61
0.25
0.69
0.46
0.69
0.69
0.28
0.69
0.59
0.69
0.26
0.69
0.35
0.69
0.43
0.69
0.49
0.4
0.69
0.38
0.69
0.75
0.69
0.52
0.69
0.36
0.69
0.28
0.69
0.27
0.69
0.38
0.69
0.31
0.69
0.95
0.69
0.4
0.69
0.5
0.69
0.37
0.69
0.33
0.69
0.24
0.69
0.52
0.71
0.32
0.69
0.58
