0.5
0.5
0.52
0.43
0.28
0.38
0.87
0.36
0.4
0.27
1.0
0.5
0.5
0.18
0.45
0.78
0.3
0.41
0.39
0.33
0.36
0.33
0.33
0.8
1.0
0.35
0.38
0.44
0.8
0.88
0.33
0.56
0.5
0.38
0.4
0.32
0.47
0.89
0.29
0.55
0.17
0.36
0.5
0.2
0.75
0.2
0.37
0.53
0.26
0.45
0.44
0.83
0.29
0.17
0.62
0.8
0.55
0.39
0.36
0.2
0.22
0.36
0.14
0.36
0.6
0.33
0.59
0.67
0.1
0.29
0.15
0.22
0.8
0.83
0.14
0.27
0.29
0.33
0.44
0.21
0.33
0.23
0.29
0.42
0.27
0.09
0.44
0.33
0.39
0.64
0.29
0.14
0.33
0.24
0.35
0.35
0.32
0.33
0.6
0.4
1.0
1.0
0.26
0.32
0.43
0.38
0.44
0.33
0.64
0.33
0.4
0.25
0.42
0.8
1.0
0.5
0.5
0.5
0.18
0.29
0.31
0.42
0.27
0.56
0.33
0.57
0.4
0.22
0.11
0.73
0.29
0.33
0.09
0.06
0.12
0.31
0.09
0.42
0.21
0.18
0.3
0.43
0.09
0.23
0.11
0.17
0.23
0.16
0.1
0.38
0.35
0.33
0.5
0.23
0.29
0.21
0.2
0.23
0.13
0.3
0.35
0.25
0.4
0.31
0.31
0.4
0.4
0.06
0.42
0.25
0.15
0.22
0.43
0.36
0.43
0.14
0.5
0.25
0.27
0.1
0.5
0.3
0.5
0.13
0.12
0.23
0.32
0.25
0.2
0.32
0.22
0.54
0.38
0.33
0.27
0.17
0.25
0.75
0.38
0.41
0.36
0.2
0.38
0.17
0.32
0.33
0.33
0.5
0.44
0.41
0.33
0.27
0.33
0.36
0.67
0.16
0.78
0.59
0.11
0.36
0.59
0.42
0.62
0.32
0.24
0.59
0.33
0.59
0.36
0.59
0.5
0.19
0.59
0.38
0.59
0.59
0.23
0.59
0.5
0.59
0.18
0.59
0.24
0.59
0.28
0.59
0.35
0.32
0.59
0.29
0.59
0.6
0.59
0.4
0.59
0.28
0.59
0.23
0.59
0.22
0.59
0.25
0.59
0.21
0.59
0.91
0.59
0.29
0.59
0.38
0.59
0.28
0.59
0.27
0.59
0.14
0.59
0.38
0.62
0.24
0.59
0.45
