0.8
0.75
0.48
0.79
0.32
0.57
1.0
0.76
0.57
0.21
0.89
0.5
0.75
0.33
0.33
0.78
0.3
0.54
0.58
0.26
0.29
0.21
0.5
1.0
0.71
0.35
0.24
0.39
0.55
1.0
0.5
0.42
0.46
0.5
0.91
0.42
0.9
1.0
0.44
0.32
0.25
0.57
0.7
0.25
1.0
0.5
0.54
0.89
0.56
0.45
0.67
1.0
0.71
0.21
0.5
0.8
0.86
0.59
0.38
0.52
1.0
0.57
0.57
0.71
0.82
1.0
0.91
0.8
0.25
0.8
0.4
0.67
1.0
1.0
0.4
0.67
0.5
0.82
0.32
0.57
0.5
0.5
0.67
0.71
0.57
0.17
0.53
0.38
0.64
0.88
0.31
0.38
0.45
0.44
0.63
0.81
0.3
0.45
0.6
0.71
1.0
1.0
0.56
0.55
0.75
0.75
0.73
0.4
0.78
0.67
0.6
0.5
0.71
1.0
1.0
1.0
0.6
1.0
0.44
0.57
0.57
0.71
0.3
0.42
0.4
0.89
0.8
0.5
0.25
1.0
0.75
0.75
0.5
0.33
0.33
0.36
0.25
0.71
0.26
0.4
0.46
0.75
0.25
0.45
0.67
0.67
0.75
0.44
0.33
0.62
0.55
0.36
0.69
0.5
0.5
0.38
0.43
0.6
0.5
0.54
0.55
0.39
0.48
0.29
0.18
0.38
0.8
0.2
0.67
0.3
0.29
0.22
0.75
0.67
0.5
0.25
0.83
0.5
0.5
0.18
0.8
0.6
0.8
0.29
0.22
0.29
0.86
0.5
0.3
0.83
0.5
0.54
0.83
0.88
0.75
0.33
0.57
0.86
0.55
0.64
0.43
0.43
0.67
0.5
0.91
0.33
0.67
0.6
0.5
0.78
0.57
0.67
0.5
0.57
0.89
0.44
1.0
0.83
0.23
0.62
0.83
0.42
0.83
0.54
0.38
0.83
0.71
0.83
0.69
0.83
0.78
0.38
0.83
0.57
0.83
0.83
0.35
0.83
0.73
0.83
0.45
0.83
0.62
0.83
0.94
0.83
0.8
0.55
0.83
0.57
0.83
1.0
0.83
0.75
0.83
0.5
0.83
0.37
0.83
0.36
0.83
0.75
0.83
0.62
0.83
1.0
0.83
0.67
0.83
0.71
0.83
0.54
0.83
0.44
0.83
0.75
0.83
0.83
0.83
0.5
0.83
0.83
